---
maxVel: 30.0
maxAccel: 40.0
maxAngVel: 3.141592653589793
maxAngAccel: 3.141592653589793
robotLength: 15.75
robotWidth: 15.0
driveType: "MECANUM"
trackWidth: 11.75
lateralMultiplier: 1.081081081
