---
startPose:
  x: -6.0
  y: 48.0
  heading: 0.0
startTangent: 0.0
waypoints:
- position:
    x: -12.0
    y: 48.0
  heading: 0.0
  tangent: 0.0
  interpolationType: "CONSTANT"
- position:
    x: 0.03498999396953821
    y: 26.866353126174623
  heading: 0.0
  tangent: -0.7853981633974483
  interpolationType: "LINEAR"
resolution: 0.1
version: 1
